0140000701100000184292
0140001403400151255967
0140014401401401826856
0140030401509801124311
0140030403509805308160
0140030403509808322192
0140030403509809516097
0140030403509809985242
0140095303503507422874
0140097703503802931806
0140107903402750089990
0140107903402751267384
0140119201505000610301
0140184003520150159100
0140186403520350231301
0140187103520450300051
0140187103520450311840
0140188803520050679878
0140188803520051212216
0140188803520051213370
0140190103520750234083
0140190103520750302180
0140301303666251251548
0140323501420004262379
0140323501420004504783
0140323501420004516629
0140323501420008348101
0140323501420008432833
0140323501420008435283
0140323501420008804551
0140323503420007154505
0140323503420007241816
0140323503420007406408
0140323503420007587604
0140323503420007652603
0140323503420008711091
0140323503420008721641
0140323503420009214834
0140323503420009817378
0140323503420009876975
0140327303673450000332
0140999803200091490071
0200913511000013013626
0200913511000013016526
0200922711000012461112
0200923411000012555158
0650020701000000491711
0650020701000000841943
0650020701000000861839
0650020701000000944611
0650020701000000977057
0650020701000000979343
0650020701000000991839
0650020702000024201575
0650020702000024934002
0650020702000028520854
0650020702000033219147
0650020702000043659999
0650020702000047020917
0650020702000048130822
0650020702000049206151
0650020702000077284543
0650020702000083970034
0650020702000085180525
0650020702000086118705
0650020702000086657787
0650020702000089099430
0650020702000089944921
0650020702000094363971
0650020702000095815327
0650020702000099556787
0650020702000100115129
0650020702000100447624
0650020702000103648543
0650020702000103836557
0650020702000105705309
0650020702000105782476
0650020702000106093197
0650020702000107323282
0650020702000107853020
0650020702000108398016
0650020702000109626327
0650020702000110314147
0650020702000110451408
0650020702000111323151
0650020702000113032804
0650020702000113554098
0650020702000113965250
0650020702000114161282
0650020702000115029147
0650020702000115791705
0650020702000116324395
0650020702000116782034
0650020702000117439755
0650020702000117563115
0650020702000117653890
0650020702000117746345
0650020702000118312723
0650020702000120078949
0650020702000120228818
0650020702000120431836
0650020702000120867903
0650020702000122616183
0650020702000123483773
0650020702000124074066
0650020702000124452868
0650020702000124719200
0650020702000124844458
0650020702000125543200
0650020702000125924674
0650020702000126464214
0650020702000129254971
0650020702000130304692
0650020702000130552084
0650020702000130766890
0650020702000130869575
0650020702000130884589
0650020702000131855458
0650020702000132127147
0650020702000132280309
0650020702000133767791
0650020702000136594804
0650020702000137070408
0650020702000137171309
0650020702000137341638
0650020702000137568345
0650020702000138702313
0650020702000140119246
0650020702000140231593
0650020702000140274183
0650020702000143336066
0650020702000143643656
0650020706000144575781
0650020706000148724448
0650025201000000008098
0650025202000003928930
0650030601000000099700
0650030601000000214596
0650030602000006150480
0650030602000006153151
0650030602000014443507
0650030602000023535282
0650030602000027580660
0650030602000069837674
0650030602000072366624
0650035101000000007941
0650045001000000006344
0650045002000002953700
0650060301000000142763
0650060302000002244444
0650060302000007618705
0650060302000007789214
0650060302000007861642
0650060302000008847197
0650060302000008891002
0650060302000010653377
0650060302000011150327
0650060302000011289034
0650060302000011600228
0650060302000011783741
0650060302000013115197
0650060302000014038985
0650060302000018100868
0650080101000000131387
0650080101000000147591
0650080102000025973309
0650080102000038581610
0650080102000043979084
0650080102000051647133
0650085602000038188859
0650085602000039186746
0650085602000039417057
0650085602000039623746
0650085602000039748665
0650090002000010473115
0650090002000010607084
0650090002000016596278
0650095502000000032421
0830021814000010180948
0940005410001304560035
0940007810001307610027
0940099374000505990012
0970099410002869690016
0970099410003594190019
0970099410004302250012
0970099455000816980013
0970099455001027660011
1910001855000100779196
1910001855000100796496
1910001855000101291396
1910046955004602141532
1910237355023700403232
2470002510000000038561
2540000911000004832979
2540000911000005115198
2810001221001098480014
3120001902000000000286
3410001901000100453066
3410001901000108393683
3410001901000109455827
3410001901000109928613
3410001901000110983180
3410001901000111033877
3410001901000111151825
3410001901000111432537
3410001901000111510956
3410001901000111512044
3410001901000111573272
3410001901000111978305
3410001902000300026791
3410001902000300027770
3410001902000300054309
3410001902000300071029
3410002601000201822914
3840100200000000014317
3840100200000000018005
3840100200000000022398
3840100200000000023919
3840100200000000031808
3860001003000043130903
4260002600100000020050
4340000750100001190119