11161
33036
35483
62216
104493
108495
110620
121338
150391
152417
172400
233574
280632
292953
312524
318557
358411
360726
396460
446567
457641
474683
511561
533969
540023
540282
600216
603783
654852
664728
667122
677192
692404
732234
733114
770809
786825
793896
798164
809922
844033
855656
856243
857643
858225
858336
858652
863766
864940
938605
939543
952162
963798
973431
1056431
1063505
1102303
1129092
1138838
1165477
1177944
1205091
1223763
1244556
1246394
1251342
1252824
1263882
1293270
1308756
1309041
1320913
1325572
1335973
1359119
1389891
1424360
1429654
1507648
1511916
1524374
1525218
1558882
1563877
1614134
1649262
1664463
1665880
1721565
1759478
1793527
1803306
1804059
1830159
1893600
1904598
1943741
1948936
1989772
1991403
2153586
2173185
2175046
2185470
2192103
2262763
2264457
2304431
2317776
2389986
2390304
2461860
2477191
2503680
2506978
2521868
2526934
2529611
2534048
2534706
2558470
2558485
2685465
2792585
2800896
2806106
2924594
2924871
2927314
2936780
2941533
2946093
3064214
3067271
3091789
3092499
3097936
3099376
3152639
3192380
3294119
3417372
3419032
3460381
3530617
3546821
3551453
3560076
3585844
3702489
3723713
3741730
3809498
3824228
4053617
4058041
4161153
4265013
4312875
4341404
4343795
4375041
4481122
4515550
4573438
4613819
4651784
4652784
4660701
4662563
4663110
4664690
4665092
4665245
4665805
4666630
4668438
4669673
4669767
4670393
4670975
4671446
4671589
4671866
4672297
4672643
4672752
4672815
4672959
4673557
4674845
4675673
4675803
4675880
4675942
4678155
4678328
4678392
4678854
4679433
4679663
4679713
4680062
4680159
4680235
4680256
4680292
4682631
4683288
4684681
4685243
4687107
4687152
4687859
4689348
4689775
4692852
4693493
4694331
4694435
4694973
4695057
4695164
4695165
4696748
4696788
4699877
4705292
4705660
4719771
4747498
4758322
4759893
4773197
4796756
4869502
4901070
5022314
5050151
5123071
5134538
5167665
5173067
5174139
5184469
5190119
5205487
5500472
5572151
5671298