3066
11722
39600
42877
313618
328945
332658
439311
776282
936766
942778
944891
954710
981685
983632
1007781
1041369
1044189
1044359
1129329
1129651
1139604
1143003
1257930
1414285
1421103
1422982
1424077
1474452
1579624
1597623
1606982
1714357
1836426
1925826
1963584
1997371
2042428
2111253
2190193
2333519
2385678
2468980
2479076
2518053
2535890
2673959
2723817
2761330
2791863
2818733
2819109
2827112
2837592
2838915
2859971
2942288
2944235
3026779
3072669
3077416
3086304
3100272
3146516
3172850
3186120
3259286
3273787
3277217
3362381
3376329
3412538
3431568
3432300
3479805
3536484
3592175
3592501
3600764
3602057
3634082
3647012
3670085
3679803
3684683
3695119
3766766
3801796
3826224
3844403
3877542
3888297
3938615
4078038
4166900
4177280
4191849
4248294
4254258
4287091
4287193
4339054
4378822
4392727
4465590
4467999
4479091
4483381
4486779
4486956
4499378
4503195
4538123
4549520
4559479
4562925
4601198
4603748
4611595
4627485
4628862
4637062
4675983
4699024
4699611
4722180
4728824
4732387
4759257
4762937
4772599
4773518
4790795
4797322
4799552
4825084
4840494
4856092
4875288
4884083
4895362
4898315
4900348
4913096
4913608
4916575
4916630
4919012
4925085
4933941
4937650
4941217
4945930
4948179
4953094
4960549
4968353
4979130
4981996
4987604
4989849
4993094
5004045
5007339
5015761
5030608
5030613
5053134
5054586
5056442
5071461
5075731
5076103
5076239
5085855
5098972
5100141
5102317
5103483
5105312
5112921
5116177
5117210
5122512
5146594
5151705
5166780
5178332
5190318
5199343
5203207
5208565
5211708
5211839
5295477
5309466
5383087
5388188
5420074
5431514
5462700
5463949
5473446
5483112
5495085
5529630
5570735
5571517
5574500
5590097
5607738
5628510
5642580
5663558
5673053
5677179
5678077
5693631
5705422
5706355
5727500
5728636
5735133
5746436
5786579
5788217
5794361
5796530
5826456
5866295
5869856
5885937
5893182
5904408
5913396
5914339
5930693
5944101
5959963
5966535
5989515
5993172
6001399
6001520
6006503
6007619
6014943
6017896
6018740
6019930
6022017
6029211
6033090
6037553
6043396
6044489
6047172
6049947
6055503
6057509
6075129
6080413
6089797
6099043
6104081
6104761
6105218
6131878
6133055
6134807
6144748
6154142
6155045
6159791
6161023
6196003
6210639
6212607
6215245
6225015
6230139
6248774
6252701
6258954
6286765
6288095
6294875
6303824
6317600
6331568
6384532
6386233
6390010
6396514
6397707
6403777
6408392
6421154
6424072
6426999
6429179
6432832
6433848
6444660
6457163
6458217
6461060
6461243
6465470
6465865
6473391
6495489
6507085
6508440
6511293
6522347
6527428
6529611
6531063
6536432
6540479
6558186
6571120
6572925
6575682
6578166
6591282
6592967
6593763
6598713
6603412
6608565
6609104
6615294
6619223
6625192
6628509
6631080
6641814
6644150
6645803
6655455
6663655
6673097
6673721
6675566
6685744
6691346
6692926
6699842
6703847
6705770
6707811
6710848
6713178
6717636
6720160
6721794
6726006
6727909
6732266
6732914
6737091
6752095
6753223
6754138
6756098
6756618
6778485
6779796
6800086
6809383
6811966
6819789
6821272
6822326
6823438
6828226
6853280
6854251
6861320
6861746
6862648
6867946
6868140
6868247
6869604
6870426
6876216
6879584
6884421
6901615
6907020
6907460
6925119
6926848
6927240
6928782
6934345
6935337
6953765
6958688
6959309
6959839
6964492
6974935
6985478
7005298
7010686
7018546
7047123
7054961
7098113
7194142
7194226
7198401
7199837
7201885
7205339
7206282
7214768
7220711
7220870
7223431
7223450
7223471
7223493
7223506
7223576
7223584
7223609
7223875
7223885
7223917
7223940
7223952
7223961
7223966
7224026
7224036
7224061
7224068
7224080
7224104
7224128
7224129
7224136
7224145
7224179
7224221
7224385
7224420
7224427
7224435
7224454
7224471
7224476
7224489
7224494
7224512
7224520
7224554
7224577
7224616
7224635
7224653
7224664
7224693
7224926
7224928
7224936
7224937
7224945
7224967
7224970
7224985
7224994
7225008
7225023
7225024
7225044
7225070
7225081
7225084
7225124
7225134
7225145
7225146
7225211
7225241
7225247
7225255
7225256
7225282
7225495
7225496
7225507
7225522
7225529
7225532
7225540
7225548
7225568
7225584
7225600
7225623
7225626
7225630
7225636
7225643
7225657
7225665
7225668
7226201
7226212
7226233
7226236
7226249
7226264
7226274
7226307
7226311
7226321
7226356
7226370
7226384
7226392
7226394
7226403
7226414
7226416
7226434
7226436
7226449
7226451
7226462
7226474
7226494
7226504
7226692
7226718
7226735
7226769
7226774
7226787
7226804
7226809
7226824
7226830
7226837
7226846
7226872
7226880
7226895
7226897
7226924
7226927
7226939
7226951
7226962
7226963
7226974
7227183
7227186
7227191
7227203
7227216
7227236
7227244
7227258
7227268
7227281
7227309
7227310
7227351
7227358
7227359
7227365
7227367
7227379
7227392
7227403
7227404
7227417
7227431
7227436
7227437
7227458
7227465
7227480
7227486
7227495
7227501
7227603
7227705
7227717
7227719
7227736
7227748
7227749
7227786
7227790
7227810
7227816
7227831
7227867
7227873
7227908
7227927
7227933
7227945
7227983
7228051
7228214
7228220
7228223
7228239
7228257
7228259
7228265
7228268
7228274
7228289
7228290
7228299
7228303
7228311
7228330
7228342
7228352
7228357
7228385
7228400
7228420
7228424
7228427
7228429
7228435
7228438
7228458
7228481
7228482
7228486
7228495
7228506
7228509
7228544
7228997
7228998
7229009
7229012
7229013
7229028
7229063
7229064
7229075
7229085
7229118
7229123
7229150
7229151
7229154
7229155
7229156
7229161
7229167
7229177
7229184
7229220
7229223
7229228
7229235
7229236
7229245
7229250
7229261
7229282
7229296
7229319
7229321
7229323
7229324
7229380
7229510
7229533
7229543
7229545
7229565
7229566
7229573
7229583
7229584
7229616
7229618
7229668
7229669
7229670
7229672
7229675
7229692
7229747
7229748
7229750
7229757
7229802
7229819
7229829
7229846
7229850
7231187
7231199
7231216
7231217
7231235
7231238
7231250
7231259
7231325
7231352
7231395
7231401
7231431
7231471
7231482
7231485
7231500
7231509
7231546
7231612
7231633
7231649
7231667
7231671
7231692
7231869
7231870
7231871
7231890
7231899
7231915
7231916
7231961
7231964
7232016
7232034
7232040
7232050
7232106
7232107
7232108
7232109
7232115
7232140
7232147
7232172
7232187
7232195
7232231
7232297
7232467
7232468
7232471
7232489
7232492
7232516
7232533
7232537
7232551
7232569
7232572
7232580
7232587
7232596
7232603
7232609
7232616
7232636
7232645
7232651
7232659
7232660
7232661
7232662
7232663
7232666
7232670
7232673
7232684
7232697
7232701
7232704
7232711
7232713
7232718
7232719
7232739
7232749
7232766
7232777
7232785
7232803
7232816
7233404
7233413
7233432
7233436
7233461
7233493
7233504
7233590
7233597
7233627
7233628
7233635
7233637
7233644
7233658
7233686
7233697
7233722
7233724
7233736
7233775
7233944
7233969
7233982
7233986
7233987
7234008
7234016
7234021
7234042
7234054
7234060
7234069
7234070
7234120
7234128
7234145
7234148
7234151
7234170
7234171
7234178
7234184
7234190
7234193
7234194
7234229
7234233
7234261
7234287
7234437
7234449
7234477
7234480
7234481
7234489
7234490
7234491
7234492
7234504
7234507
7234510
7234517
7234518
7234534
7234539
7234554
7234570
7234572
7234576
7234583
7234585
7234599
7234600
7234605
7234607
7234617
7234636
7234638
7234650
7234664
7234668
7234677
7234710
7234729
7234742
7234881
7234901
7234927
7234930
7234936
7234945
7234964
7234965
7234969
7234971
7234977
7234997
7234998
7235033
7235037
7235038
7235047
7235069
7235071
7235088
7235094
7235101
7235102
7235103
7235112
7235118
7235134
7235140
7235165
7236230
7236236
7236253
7236258
7236261
7236267
7236268
7236276
7236281
7236287
7236289
7236310
7236313
7236315
7236322
7236332
7236342
7236355
7236361
7236365
7236369
7236392
7236405
7236415
7236420
7236457
7236459
7236461
7236462
7236696
7236713
7236715
7236724
7236725
7236738
7236747
7236759
7236793
7236800
7236805
7236809
7236814
7236823
7236825
7236863
7236873
7236876
7236878
7236920
7236924
7236929
7236930
7236934
7236938
7236939
7236943
7236945
7236950
7237034
7237048
7237172
7237176
7237182
7237185
7237195
7237202
7237208
7237211
7237226
7237228
7237234
7237245
7237256
7237266
7237277
7237278
7237320
7237322
7237331
7237341
7237364
7237381
7237403
7237411
7237424
7237425
7237427
7237428
7237435
7237442
7237449
7237481
7239103
7239420
7240059
7240086
7240113
7240151
7240165
7240166
7240181
7240186
7240234
7240235
7240246
7240281
7240288
7240333
7240394
7240428
7240442
7240470
7240473
7240540
7240605
7240611
7240635
7240636
7240661
7240797
7241355
7241362
7241383
7241396
7241427
7241476
7241489
7241550
7241551
7241577
7241598
7241606
7241668
7241690
7241697
7241720
7241736
7241755
7241764
7241770
7241823
7241828
7241833
7241842
7241900
7241965
7241985
7241989
7242004
7242015
7242105
7242115
7242133
7242139
7242160
7242668
7242675
7242685
7242690
7242698
7242718
7242764
7242770
7242797
7242803
7242808
7242842
7242849
7242858
7242884
7242895
7242896
7242914
7242939
7242952
7242995
7243018
7243029
7243036
7243044
7243062
7243154
7243253
7244412
7244429
7244439
7244446
7244501
7244510
7244522
7244523
7244535
7244555
7244569
7244574
7244576
7244581
7244598
7244614
7244619
7244630
7244652
7244657
7244683
7244703
7244746
7244756
7244766
7244799
7244805
7244811
7244840
7244881
7245239
7245247
7245268
7245272
7245322
7245325
7245359
7245360
7245381
7245388
7245396
7245427
7245432
7245453
7245464
7245495
7245519
7245524
7245529
7245531
7245554
7245583
7245597
7245598
7245634
7245635
7245645
7246029
7246046
7246053
7246062
7246080
7246125
7246128
7246137
7246179
7246210
7246211
7246230
7246293
7246310
7246315
7246323
7246326
7246329
7246357
7246387
7246406
7246441
7246460
7246476
7246487
7246831
7246845
7246852
7246871
7246925
7246931
7246933
7246938
7246951
7246956
7246976
7246992
7246993
7247002
7247022
7247034
7247036
7247040
7247048
7247054
7247061
7247088
7247106
7247160
7247168
7247248
7247252
7247562
7247564
7247583
7247584
7247615
7247620
7247623
7247642
7247662
7247672
7247679
7247693
7247704
7247716
7247747
7247771
7247777
7247780
7247781
7247863
7247897
7247900
7247921
7247956
7247959
7247966
7247970
7248016
7248027
7248043
7249046
7249051
7249059
7249063
7249065
7249070
7249074
7249081
7249090
7249104
7249138
7249160
7249222
7249272
7249274
7249279
7249282
7249311
7249324
7249339
7249341
7249352
7249364
7249368
7249378
7249393
7249396
7249439
7249447
7249452
7249792
7249798
7249829
7249830
7249841
7249868
7249877
7249881
7249915
7249931
7249949
7249964
7249970
7249972
7249976
7249989
7249994
7249995
7250013
7250014
7250020
7250023
7250027
7250035
7250047
7250048
7250061
7250078
7250147
7250149
7250408
7250431
7250437
7250471
7250484
7250505
7250545
7250571
7250577
7250600
7250611
7250612
7250619
7250628
7250648
7250654
7250658
7250698
7250704
7250707
7250775
7250797
7251017
7251019
7251032
7251051
7251067
7251072
7251078
7251116
7251129
7251134
7251146
7251148
7251163
7251166
7251182
7251201
7251217
7251228
7251231
7251243
7251256
7251280
7251338
7251341
7251551
7251558
7251569
7251584
7251620
7251683
7251707
7251718
7251777
7251779
7251783
7251799
7251809
7251810
7251874
7251891
7251913
7251930
7252662
7252696
7252699
7252730
7252746
7252754
7252785
7252793
7252845
7252880
7252884
7252978
7252984
7253209
7253284
7253305
7253331
7253382
7253499
7253931
7253933
7253996
7254070
7254080
7254141
7254147
7254151
7254161
7254176
7254177
7254183
7254254
7254265
7254693
7254699
7254790
7254865
7254937
7254976
7255186
7255223
7255307
7255369
7256252
7256262
7256305
7256354
7256467
7256879
7256983
7257022
7257059
7257646
7258326
7258438
7259058
7259958
7260080
7260107
7260273
7260941
7261345
7263057
7263123
7263283
7263633
7263656
7263720
7263761
7264147
7264281
7264319
7264364
7264438
7266082
7266146
7266219
7266228
7266239
7266256
7266308
7266597
7266641
7266651
7266667
7266713
7266728
7266872
7266910
7266932
7266966
7266986
7267022
7267414
7267423
7267430
7267467
7267475
7267480
7267490
7267521
7267527
7267588
7267631
7267655
7267689
7267721
7267795
7267811
7267823
7268064
7268077
7268081
7268091
7268118
7268421
7268480
7268503
7268519
7268526
7268600
7268608
7268904
7269036
7269084
7269111
7269115
7269122
7269136
7269140
7269157
7269185
7269189
7269201
7269223
7269226
7269230
7269236
7269242
7269268
7269269
7269279
7269297
7269319
7269321
7269339
7269354
7269416
7270193
7270207
7270228
7270259
7270264
7270289
7270397
7270402
7270412
7270421
7270426
7270431
7270432
7270448
7270450
7270454
7270461
7270476
7270502
7270512
7270525
7270526
7270529
7270630