4998590000000303
4998590000000402
4998590000000600
4998590000000709
4998590000000808
4998590000000907
4998590000001004
4998590000001400
4998590000001806
4998590000002101
4998590015391523
4998590017989001
4998590017989100
4998590017989209
4998590017989308
4998590017989407
4998590017989506
4998590017989605
4998590017989704
4998590017989803
4998590017989902
4998590017990009
4998590017990108
4998590017990207
4998590017990306
4998590017990405
4998590017990504
4998590017990603
4998590017990702
4998590017990801
4998590017990900
4998590017991007
4998590017991106
4998590017991205
4998590017991304
4998590017991403
4998590017991502
4998590017991601
4998590017991700
4998590017991809
4998590017991908
4998590017992005
4998590017992104
4998590017992203
4998590017992302
4998590017992401
4998590017992500
4998590017992609
4998590017992708
4998590017992807
4998590017992906
4998590017993003
4998590017993102
4998590017993201
4998590017993300
4998590017993409
4998590017993508
4998590017993607
4998590017993706
4998590017993805
4998590017993904
4998590017994001
4998590017994100
4998590017994209
4998590017994308
4998590017994407
4998590017994506
4998590017994605
4998590017994704
4998590017994803
4998590017994902
4998590017995008
4998590017995107
4998590017995206
4998590017995305
4998590017995404
4998590017995503
4998590017995602
4998590017995701
4998590017995800
4998590017995909
4998590017996006
4998590017996105
4998590017996204
4998590017996303
4998590017996402
4998590017996501
4998590017996600
4998590017996709
4998590017996808
4998590017996907
4998590017997004
4998590017997103
4998590017997202
4998590017997301
4998590017997608
4998590017997707
4998590017997806
4998590017997905
4998590017998002
4998590017998309
4998590017998408
4998590017998507
4998590017998606
4998590017998705
4998590017998804
4998590017998903
4998590017999000
4998590017999109
4998590017999208
4998590017999307
4998590017999406
4998590017999505
4998590017999604
4998590017999703
4998590017999802
4998590017999901
4998590018000006
4998590018000105
4998590018000204
4998590018000303
4998590018000402
4998590018000501
4998590018000600
4998590018000709
4998590018000808
4998590018000907
4998590018001004
4998590018001103
4998590018001202
4998590018001301
4998590018001400
4998590018001509
4998590018001608
4998590018001707
4998590018001806
4998590018001905
4998590018002002
4998590018002101
4998590018002200
4998590018002309
4998590018002408
4998590018002507
4998590018002606
4998590018002705
4998590018002804
4998590018002903
4998590018003000
4998590018003109
4998590018003208
4998590018003307
4998590018003406
4998590018003505
4998590018003604
4998590018003703
4998590018003802
4998590018003901
4998590018004008
4998590018004107
4998590018004206
4998590018004305
4998590018004404
4998590018004503
4998590018004602
4998590018004701
4998590018004800
4998590018004909
4998590018005005
4998590018005104
4998590018005203
4998590018005302
4998590018005401
4998590018005500
4998590018005609
4998590018005708
4998590018005807
4998590018005906
4998590018006300
4998590020000408
4998590020001703
4998590020001802
4998590020001901
4998590024767507
4998590024767606
4998590024767705
4998590024767804
4998590024767903
4998590024768000
4998590024768109
4998590024768208
4998590024768307
4998590024768406
4998590024768505
4998590036901201
4998590036901300
4998590036901409
4998590036901508
4998590036901607
4998590036901706
4998590036901805
4998590036901904
4998590036902001
4998590036902100
4998590036902209
4998590036902308
4998590036902407
4998590036902506
4998590036902605
4998590036902704
4998590036902803
4998590036902902
4998590036903009
4998590036903108
4998590036903207
4998590036903306
4998590036903900
4998590036904007
4998590036904106
4998590036904205
4998590036904304
4998590063029108
4998590063029207
4998590063029306
4998590063029405
4998590063029504
4998590063029603
4998590063029702
4998590063029801
4998590063029900
4998590063030007
4998590063030106
4998590063030205
4998590064446301
4998590064446400
4998590064446509
4998590064446608
4998590064446707
4998590064446806
4998590064446905
4998590064447002
4998590064447101
4998590064447200
4998590064447606
4998590064447705
4998590064447804
4998590064447903
4998590064448000
4998590064448109
4998590064450808
4998590064450907
4998590064451004
4998590064451103
4998590064451202
4998590064451301
4998590064451400
4998590064451509
4998590064451608
4998590064451707
4998590064451806
4998590064451905
4998590064452002
4998590064452101
4998590064452200
4998590064452309
4998590064452408
4998590064452507
4998590064464601
4998590064464700
4998590064464809
4998590064464908
4998590064465004
4998590065393502
4998590065393601
4998590065393700
4998590065393809
4998590065393908
4998590065394005
4998590065394104
4998590065394203
4998590065394302
4998590065394401
4998590065394500
4998590065394609
4998590065394708
4998590065394807
4998590065394906
4998590065395002
4998590065395101
4998590065395200
4998590065395309
4998590065395408
4998590065395507
4998590065395606
4998590065395705
4998590065395804
4998590065395903
4998590065396000
4998590065422905
4998590065423002
4998590065423101
4998590065423200
4998590065423309
4998590065423408
4998590065423507
4998590065423606
4998590065423705
4998590065423804
4998590065423903
4998590065424000
4998590065424109
4998590065424208
4998590065424307
4998590065424406
4998590065424505
4998590065424604
4998590065424703
4998590065424802
4998590065424901
4998590065425007
4998590065425106
4998590065425205
4998590065425304
4998590065425403
4998590065425502
4998590065425601
4998590065425700
4998590065425809
4998590065425908
4998590065426005
4998590065426104
4998590065426203
4998590065426302
4998590065426401
4998590065426500
4998590065426609
4998590065426708
4998590065426807
4998590065426906
4998590065427003
4998590065427102
4998590065427201
4998590065537603
4998590066239803
4998590066239902
4998590066240009
4998590066240108
4998590066240306
4998590066240405
4998590066240504
4998590066240603
4998590066240702
4998590066240801
4998590066240900
4998590066241007
4998590066241106
4998590066241205
4998590066241304
4998590066241403
4998590066241502
4998590066241601
4998590066241700
4998590066241809
4998590066241908
4998590080853704
4998590080853803
4998590080853902
4998590080854009
4998590080854108
4998590080854207
4998590080854306
4998590080854405
4998590080854504
4998590080854603
4998590080854702
4998590080854801
4998590080854900
4998590080855006
4998590114754001
4998590114754100
4998590114754209
4998590114754308
4998590114754407
4998590114754506
4998590114754803
4998590114754902
4998590114755008
4998590114755107
4998590114755206
4998590114755305
4998590121605105
4998590121605204
4998590121605303
4998590121605402
4998590121605501
4998590121605600
4998590121605709
4998590121605808
4998590121605907
4998590121606004
4998590121606103
4998590121606202
4998590121606301
4998590121606400
4998590121606509
4998590121606608
4998590121606707
4998590121606806
4998590121606905
4998590121607002
4998590121607101
4998590121607200
4998590121607309
4998590121607408
4998590121607507
4998590121607606
4998590121607705
4998590121607804
4998590121607903
4998590121608000
4998590121608109
4998590121608208
4998590121608307
4998590121608406
4998590121608505
4998590121608604
4998590121608703
4998590121608802
4998590121608901
4998590121609008
4998590121609107
4998590121609206
4998590121609305
4998590121609404
4998590121609503
4998590121609602
4998590121609701
4998590121609800
4998590121609909
4998590121610006
4998590121610105
4998590121610204
4998590121610303
4998590121610402
4998590121610501
4998590121610600
4998590121610709
4998590121610808
4998590121610907
4998590121611004
4998590121611103
4998590121611202
4998590121611301
4998590121611400
4998590121611509
4998590121611608
4998590121611707
4998590121611806
4998590121611905
4998590121612002
4998590121612101
4998590121612200
4998590121612309
4998590121612408
4998590121612507
4998590121612606
4998590121612705
4998590121612804
4998590121612903
4998590121613000
4998590121613109
4998590121613208
4998590121613307
4998590121613406
4998590121613505
4998590121613604
4998590121613703
4998590121613802
4998590121613901
4998590121614008
4998590121614107
4998590121614206
4998590121614305
4998590121614404
4998590121614503
4998590121614602
4998590121614701
4998590121614800
4998590121614909
4998590121615005
4998590121615104
4998590121615203
4998590121615302
4998590121615401
4998590121615500
4998590121615609
4998590121615708
4998590121615807
4998590121615906
4998590121616003
4998590121616102
4998590121616201
4998590121616300
4998590121616409
4998590121616508
4998590121616607
4998590121616706
4998590121616805
4998590121616904
4998590121617001
4998590121617100
4998590121617209
4998590121617308
4998590121617407
4998590121617506
4998590121617605
4998590121617704
4998590121617803
4998590121617902
4998590121618009
4998590121618108
4998590121618207
4998590121618306
4998590121618405
4998590121618504
4998590121618603
4998590121618702
4998590121618801
4998590121618900
4998590121619007
4998590121619106
4998590121619205
4998590121619304
4998590121619403
4998590121619502
4998590121619601
4998590121619700
4998590121619809
4998590121619908
4998590121620005
4998590121620104
4998590121620203
4998590121620302
4998590121620401
4998590121620500
4998590121620708
4998590121620807
4998590121620906
4998590121621003
4998590121621102
4998590121621201
4998590121621300
4998590121621409
4998590121621508
4998590121621607
4998590121621706
4998590121621805
4998590121621904
4998590121622001
4998590121622100
4998590121622209
4998590121622308
4998590121622407
4998590121622506
4998590121622704
4998590121622803
4998590121622902
4998590121623009
4998590121623108
4998590121623207
4998590121623306
4998590121623405
4998590121623504
4998590121623603
4998590121623702
4998590121623801
4998590121623900
4998590121624007
4998590121624106
4998590121624205
4998590121624304
4998590121624403
4998590121624502
4998590121624601
4998590121624700
4998590121624809
4998590121624908
4998590121625004
4998590121625103
4998590121625202
4998590121625301
4998590121625400
4998590121625509
4998590121625608
4998590121625707
4998590121625806
4998590121625905
4998590121626002
4998590121626101
4998590121626200
4998590121626309
4998590121626408
4998590121626507
4998590121626606
4998590121626705
4998590121626804
4998590121626903
4998590121627000
4998590121627109
4998590121627208
4998590121627307
4998590121627406
4998590121627505
4998590121627604
4998590121627703
4998590121627802
4998590121627901
4998590121628008
4998590121628107
4998590121628206
4998590121628305
4998590121628404
4998590121628503
4998590121628602
4998590121628701
4998590121628800
4998590121628909
4998590121629006
4998590121629105
4998590121629204
4998590121629303
4998590121629402
4998590121629501
4998590121629600
4998590121629709
4998590121629808
4998590121629907
4998590121630004
4998590121630103
4998590121630202
4998590121630301
4998590121630400
4998590121630509
4998590121630608
4998590121630707
4998590121630806
4998590121630905
4998590121631002
4998590121631101
4998590121631200
4998590121631309
4998590121631408
4998590121631507
4998590121631606
4998590121631705
4998590121631804
4998590121631903
4998590121632000
4998590121632109
4998590121632208
4998590121632307
4998590121632406
4998590121632505
4998590121632604
4998590121632703
4998590121632802
4998590121632901
4998590121633008
4998590121633107
4998590121633206
4998590121633305
4998590121633404
4998590121633503
4998590121633602
4998590121633701
4998590121633800
4998590121633909
4998590121634006
4998590121634105
4998590121634204
4998590121634303
4998590121634402
4998590121634501
4998590121634600
4998590121634709
4998590121634808
4998590121634907
4998590121635003
4998590121635102
4998590121635201
4998590121635300
4998590121635409
4998590121635508
4998590121635607
4998590121635706
4998590121635805
4998590121635904
4998590121636001
4998590121636100
4998590121636209
4998590121636308
4998590121636407
4998590121636506
4998590121636605
4998590121636704
4998590121636803
4998590121636902
4998590121637009
4998590121637108
4998590121637207
4998590121637306
4998590121637405
4998590121637504
4998590121637603
4998590121637702
4998590121637801
4998590121637900
4998590121638007
4998590121638106
4998590121638205
4998590121638304
4998590121638403
4998590121638502
4998590121638601
4998590121638700
4998590121638809
4998590121638908
4998590121639005
4998590121639104
4998590121639203
4998590121639302
4998590121639401
4998590121639500
4998590121639609
4998590121639708
4998590121639807
4998590121639906
4998590121640003
4998590121640102
4998590121640201
4998590121640300
4998590121640409
4998590121640508
4998590121640607
4998590121640706
4998590121640805
4998590121640904
4998590121641001
4998590121641100
4998590121641209
4998590121641308
4998590121641407
4998590121641506
4998590121641605
4998590121641704
4998590121641803
4998590121641902
4998590121642009
4998590121642108
4998590121642207
4998590121642306
4998590121642405
4998590121642504
4998590121642603
4998590121859306
4998590121859405
4998590121859504
4998590121859603
4998590121859702
4998590121859801
4998590121859900
4998590121860007
4998590121860106
4998590121860205
4998590121860304
4998590121860403
4998590121860502
4998590121860601
4998590121860700
4998590121860809
4998590121860908
4998590121861005
4998590121861104
4998590121861203
4998590121861302
4998590121861401
4998590121861500
4998590121861609
4998590121861708
4998590121861807
4998590121861906
4998590121862003
4998590121862102
4998590121862201
4998590121862300
4998590121862409
4998590121862508
4998590121862607
4998590121862706
4998590121862805
4998590121862904
4998590121863001
4998590121863100
4998590121863209
4998590121863308
4998590121863407
4998590121863506
4998590121863605
4998590121863704
4998590121863803
4998590121863902
4998590121864009
4998590121864108
4998590121864207
4998590121864306
4998590121864405
4998590121864504
4998590121864603
4998590121864702
4998590121864801
4998590121864900
4998590121865006
4998590121865105
4998590121865204
4998590121865303
4998590121865402
4998590121865501
4998590121865600
4998590121865709
4998590121865808
4998590121865907
4998590121866004
4998590121866103
4998590121866202
4998590121866301
4998590121866400
4998590121866509
4998590121866608
4998590121866707
4998590121866806
4998590121866905
4998590121867002
4998590121867101
4998590121867200
4998590121867309
4998590121867408
4998590121867507
4998590121867606
4998590121867705
4998590121867804
4998590121867903
4998590121868000
4998590121868109
4998590121868208
4998590121868307
4998590121868406
4998590121868505
4998590121868604
4998590121868703
4998590121868802
4998590121868901
4998590121869008
4998590121869107
4998590121869206
4998590121869404
4998590121869503
4998590121869602
4998590121869701
4998590121869800
4998590121869909
4998590121870006
4998590121870105
4998590121870204
4998590121870303
4998590121870402
4998590121870501
4998590121870600
4998590121870709
4998590121870808
4998590121870907
4998590121871004
4998590121871103
4998590121871202
4998590121871301
4998590121871400
4998590121871509
4998590121871608
4998590121871707
4998590121871806
4998590121871905
4998590121872002
4998590121872101
4998590121872200
4998590121872309
4998590121872408
4998590121872507
4998590121872606
4998590121872705
4998590121872804
4998590121872903
4998590121873000
4998590121873109
4998590121873208
4998590121873307
4998590121873406
4998590121873505
4998590121873604
4998590121873703
4998590121873802
4998590121873901
4998590121874008
4998590121874107
4998590121874206
4998590121874305
4998590121874404
4998590121874503
4998590121874602
4998590121874701
4998590121874800
4998590121874909
4998590121875005
4998590121875104
4998590121875203
4998590121875302
4998590121875401
4998590121875500
4998590121875609
4998590121875708
4998590121875807
4998590121875906
4998590121876003
4998590121876102
4998590121876201
4998590121876300
4998590121876409
4998590121876508
4998590121876607
4998590121876706
4998590121876805
4998590121876904
4998590121877001
4998590121877100
4998590121877209
4998590121877308
4998590121877407
4998590121877506
4998590121877605
4998590121877704
4998590121877803
4998590121877902
4998590121878009
4998590121878108
4998590121878207
4998590121878306
4998590121878405
4998590121878504
4998590121878603
4998590121878702
4998590121878801
4998590121878900
4998590121879007
4998590121879106
4998590121879205
4998590121879304
4998590121879403
4998590121879502
4998590121879601
4998590121879700
4998590121879809
4998590121879908
4998590121880005
4998590121880104
4998590121880203
4998590121880302
4998590121880401
4998590121880500
4998590121880609
4998590121880708
4998590121880807
4998590121880906
4998590121881003
4998590121881102
4998590121881201
4998590121881300
4998590121881409
4998590121881508
4998590121881607
4998590121881706
4998590121881805
4998590121881904
4998590121882001
4998590121882100
4998590121882209
4998590121882308
4998590121882407
4998590121882506
4998590121882605
4998590121882704
4998590121882803
4998590121882902
4998590121883009
4998590121883108
4998590121883207
4998590121883306
4998590121883405
4998590121883504
4998590121883603
4998590121883702
4998590121883801
4998590121883900
4998590121884007
4998590121884106
4998590121884205
4998590121884304
4998590121884403
4998590121884502
4998590121884601
4998590121884700
4998590121884809
4998590121884908
4998590121885004
4998590121885103
4998590121885202
4998590121885301
4998590121885400
4998590121885509
4998590121885608
4998590121885707
4998590121885806
4998590121885905
4998590121886002
4998590121886101
4998590121886200
4998590121886309
4998590121886408
4998590121886507
4998590121886606
4998590121886705
4998590121886804
4998590121886903
4998590121887000
4998590121887109
4998590121887208
4998590121887307
4998590121887406
4998590121887505
4998590121887604
4998590121887703
4998590121887802
4998590121887901
4998590121888008
4998590121888107
4998590121888206
4998590121888305
4998590121888404
4998590121888503
4998590121888602
4998590121888701
4998590121888800
4998590121888909
4998590121889006
4998590121889105
4998590121889204
4998590121889303
4998590121889402
4998590121889501
4998590121889600
4998590121889709
4998590121889808
4998590121889907
4998590121890004
4998590121890103
4998590121890202
4998590121890301
4998590121890400
4998590121890509
4998590121890608
4998590121890707
4998590121890806
4998590121890905
4998590121891002
4998590121891101
4998590121891200
4998590121891309
4998590121891408
4998590121891507
4998590121891606
4998590121891705
4998590121891804
4998590121891903
4998590121892000
4998590121892109
4998590121892208
4998590121892307
4998590121892406
4998590121892505
4998590121892604
4998590121892703
4998590121892802
4998590121892901
4998590121893008
4998590121893107
4998590121893206
4998590121893305
4998590121893404
4998590121893503
4998590121893602
4998590121893701
4998590121893800
4998590121893909
4998590121894006
4998590121894105
4998590121894204
4998590121894303
4998590121894402
4998590121894501
4998590121894600
4998590121894709
4998590121894808
4998590121894907
4998590121895003
4998590121895102
4998590121895201
4998590121895300
4998590121895409
4998590121895508
4998590121895607
4998590121895706
4998590121895805
4998590121895904
4998590121896001
4998590121896100
4998590121896209
4998590121896308
4998590121896407
4998590121896506
4998590121896605
4998590121896704
4998590121896803
4998590121896902
4998590121897009
4998590121897108
4998590121897207
4998590121897306
4998590121897405
4998590121897504
4998590121897603
4998590121897702
4998590121897801
4998590121897900
4998590121898007
4998590121898106
4998590121898205
4998590121898304
4998590121898403
4998590121898502
4998590121898601
4998590121898700
4998590121898809
4998590121898908
4998590121899005
4998590121899104
4998590121899203
4998590121899302
4998590121899401
4998590121899500
4998590121899609
4998590121899708
4998590121899807
4998590121899906
4998590121900001
4998590121900100
4998590121900209
4998590121900308
4998590121900407
4998590121900506
4998590121900605
4998590121900704
4998590121900803
4998590121900902
4998590121901009
4998590121901108
4998590121901207
4998590121901306
4998590121901405
4998590121901504
4998590121901603
4998590121901702
4998590121901801
4998590121901900
4998590121902007
4998590121902106
4998590121902205
4998590121902304
4998590121902403
4998590121902502
4998590121902601
4998590121902700
4998590121902809
4998590121902908
4998590121903005
4998590143457907
4998590143458004
4998590143458103
4998590143458202
4998590143458400
4998590143458509
4998590143458608
4998590143458707
4998590143458806
4998590143458905
4998590143459002
4998590143459101
4998590143459200
4998590143459309
4998590143459408
4998590143459507
4998590143459606
4998590143459705
4998590143459804
4998590143459903
4998590143460000
4998590143460109
4998590143460208
4998590143460307
4998590143460406
4998590143460505
4998590143460604
4998590143460703
4998590143460802
4998590143460901
4998590143461008
4998590143461107
4998590143461206
4998590143461305
4998590143461404
4998590143461503
4998590143461602
4998590143461701
4998590143461800
4998590144191604
4998590144191703
4998590144191802
4998590144191901
4998590144192008
4998590144192107
4998590144192206
4998590144192305
4998590144192404
4998590144192503
4998590144192602
4998590144192701
4998590144192800
4998590144192909
4998590144193006
4998590144193105
4998590144193204
4998590144193303
4998590144193402
4998590144193501
4998590144193600
4998590144193709
4998590144193808
4998590144193907
4998590144194004
4998590144194103
4998590144194202
4998590144194301
4998590144328701
4998590144328800
4998590151530207
4998590151530306
4998590151530405
4998590151530504
4998590151530603
4998590151530702
4998590151530801
4998590151530900
4998590151531007
4998590151531106
4998590151531205
4998590151531304
4998590151531403
4998590151531502
4998590151531601
4998590151531700
4998590151531809
4998590151531908
4998590151532005
4998590151533607
4998590151533706
4998590151533805
4998590151533904
4998590151534001
4998590151534100
4998590151534209
4998590151534308
4998590151534407
4998590151534506
4998590151534605
4998590151534704
4998590151535800
4998590151535909
4998590151536006
4998590151536105
4998590151536204
4998590151536303
4998590151536402
4998590151536501
4998590151536600
4998590151536709
4998590151536808
4998590151536907
4998590151537004
4998590151537103
4998590151537202
4998590151537301
4998590151537400
4998590151537509
4998590151537608
4998590151537707
4998590151537806
4998590151537905
4998590151538002
4998590151538101
4998590151538200
4998590151538309
4998590151538408
4998590151538507
4998590151538606
4998590151538705
4998590151538804
4998590151538903
4998590151539000
4998590151539109
4998590151539208
4998590151539307
4998590151539406
4998590151539505
4998590151539604
4998590151539703
4998590151539802
4998590151539901
4998590151540008
4998590151540107
4998590151540206
4998590151540305
4998590151540404
4998590151540503
4998590151540602
4998590151540701
4998590151540800
4998590151540909
4998590151541006
4998590151541105
4998590151541204
4998590151541303
4998590151541402
4998590151541501
4998590151541600
4998590151541709
4998590151541808
4998590151541907
4998590151543408
4998590151543507
4998590151543606
4998590151543705
4998590151543804
4998590151543903
4998590151544000
4998590151544802
4998590151544901
4998590151545007
4998590151545106
4998590151545205
4998590151545304
4998590151545403
4998590151545502
4998590151545601
4998590151548001
4998590151548100
4998590151548209
4998590151548308
4998590151548407
4998590151548506
4998590151548605
4998590151548704
4998590151548803
4998590151548902
4998590151549009
4998590151549108
4998590151549207
4998590151549306
4998590151549405
4998590151549504
4998590151549603
4998590151549702
4998590151549801
4998590151549900
4998590151550007
4998590151550106
4998590151550205
4998590151550304
4998590151550403
4998590151550502
4998590151550601
4998590151550700
4998590151550809
4998590151550908
4998590151551005
4998590151551104
4998590151551203
4998590151554900
4998590151555006
4998590151555105
4998590151555204
4998590151555303
4998590151555402
4998590151555501
4998590151555600
4998590151555709
4998590151555808
4998590151555907
4998590151556004
4998590151556103
4998590151556202
4998590151556301
4998590151556905
4998590151557002
4998590151557101
4998590151557200
4998590151557309
4998590151557408
4998590151558604
4998590151560006
4998590151560105
4998590151560204
4998590151560303
4998590151560402
4998590151560501
4998590151560600
4998590151560709
4998590151560808
4998590151560907
4998590151561004
4998590151561103
4998590151561202
4998590151561301
4998590151561400
4998590151561509
4998590151561608
4998590151561707
4998590151561806
4998590151561905
4998590151562002
4998590151562101
4998590151564008
4998590151564107
4998590151564206
4998590151564305
4998590151564404
4998590151564503
4998590151564602
4998590151564701
4998590151564800
4998590151564909
4998590151565005
4998590151566300
4998590151566409
4998590151566508
4998590151566607
4998590151566706
4998590151566805
4998590151566904
4998590151567001
4998590151567100
4998590151567209
4998590151567308
4998590151567407
4998590151567506
4998590151567605
4998590151567704
4998590151567803
4998590151570203
4998590151570302
4998590151570401
4998590151570500
4998590151570609
4998590151570708
4998590151570807
4998590151570906
4998590151571003
4998590151573900
4998590151574007
4998590151574106
4998590151574205
4998590151574304
4998590151574403
4998590151574502
4998590151574601
4998590151574700
4998590151574809
4998590151574908
4998590151575004
4998590151575103
4998590151577208
4998590151577307
4998590151577406
4998590151577505
4998590151577604
4998590151577703
4998590151577802
4998590151577901
4998590151578008
4998590151578107
4998590151578206
4998590151578305
4998590151578404
4998590151578503
4998590151578602
4998590151578701
4998590151578800
4998590151578909
4998590151579006
4998590151579105
4998590151579204
4998590151579303
4998590151579402
4998590151579501
4998590151579600
4998590151579709
4998590151579808
4998590151579907
4998590151580004
4998590151583909
4998590151584006
4998590151584105
4998590151584204
4998590151584303
4998590151584402
4998590151584501
4998590151584808
4998590151584907
4998590151585003
4998590151585102
4998590151585201
4998590151585300
4998590151585409
4998590151585508
4998590151586308
4998590151586407
4998590151586506
4998590151586605
4998590151586704
4998590151586803
4998590151586902
4998590151587009
4998590151587108
4998590151587207
4998590151587306
4998590151587405
4998590151589203
4998590151589302
4998590151589401
4998590151589500
4998590151589609
4998590151589708
4998590151589807
4998590151589906
4998590151590003
4998590151590102
4998590151590201
4998590151590300
4998590151591407
4998590151591506
4998590151591605
4998590151591704
4998590151591803
4998590151591902
4998590151592009
4998590151592108
4998590151592207
4998590151592306
4998590151592405
4998590151592504
4998590151592603
4998590151592702
4998590151592801
4998590151592900
4998590151593007
4998590151593106
4998590151593205
4998590151593304
4998590151593403
4998590151594401
4998590151594500
4998590151594609
4998590151594708
4998590151594807
4998590151595507
4998590151595606
4998590151595705
4998590151595804
4998590151595903
4998590151596000
4998590151596208
4998590151596307
4998590151596406
4998590151596505
4998590151596604
4998590151596703
4998590151596802
4998590151596901
4998590151597008
4998590151597107
4998590151597206
4998590151597305
4998590151597404
4998590151597503
4998590151597602
4998590151597701
4998590151599509
4998590151599608
4998590151599707
4998590151599806
4998590151599905
4998590151600000
4998590151600109
4998590151600208
4998590151600307
4998590151600406
4998590151600505
4998590151600604
4998590151600703
4998590151602402
4998590151602501
4998590151602600
4998590151602907
4998590151603004
4998590151603103
4998590151603202
4998590151603301
4998590151603400
4998590151603509
4998590151603608
4998590151603707
4998590151603806
4998590151603905
4998590151604002
4998590151605405
4998590151605504
4998590151605603
4998590151605702
4998590151606908
4998590151607005
4998590151607104
4998590151607203
4998590151607807
4998590151607906
4998590151608003
4998590151608102
4998590151608201
4998590151608300
4998590151608409
4998590151608508
4998590151608607
4998590151608706
4998590151608805
4998590151612500
4998590151612609
4998590151612708
4998590151612807
4998590151612906
4998590151613003
4998590151613102
4998590151613201
4998590151614209
4998590151614308
4998590151614407
4998590151614506
4998590151614605
4998590151615008
4998590151615107
4998590151615206
4998590151615305
4998590151615404
4998590151617905
4998590151618002
4998590151618101
4998590151618200
4998590151618309
4998590151618408
4998590151619505
4998590151619604
4998590151619703
4998590151619802
4998590151619901
4998590151620008
4998590151620107
4998590151620206
4998590151620305
4998590151620404
4998590151620503
4998590151620602
4998590151620701
4998590151620800
4998590151620909
4998590151621006
4998590151621105
4998590151621204
4998590151621709
4998590151621808
4998590151621907
4998590151622004
4998590151622103
4998590151622202
4998590151622301
4998590151622400
4998590151622509
4998590151622608
4998590151622707
4998590151623606
4998590151623705
4998590151623804
4998590151623903
4998590151624000
4998590151625106
4998590151626807
4998590151626906
4998590151627003
4998590151627409
4998590151627508
4998590151627607
4998590151627706
4998590151627805
4998590151627904
4998590151628001
4998590151628100
4998590151628209
4998590151628308
4998590151628407
4998590151628506
4998590151628605
4998590151628704
4998590151628803
4998590151631302
4998590151631401
4998590151631500
4998590151631609
4998590151631708
4998590151631807
4998590151631906
4998590151632003
4998590151632102
4998590151632607
4998590151632706
4998590151632805
4998590151633803
4998590151633902
4998590151634009
4998590151634108
4998590151634207
4998590151634306
4998590151634405
4998590151634504
4998590151634603
4998590151635402
4998590151635501
4998590151635600
4998590151635709
4998590151635808
4998590151635907
4998590151636004
4998590151637101
4998590151637200
4998590151637309
4998590151637408
4998590151637507
4998590151638802
4998590151638901
4998590151639008
4998590151639107
4998590151639206
4998590151639305
4998590151639404
4998590151639503
4998590151639602
4998590151639701
4998590151641103
4998590151641202
4998590151641301
4998590151641400
4998590151641509
4998590151641608
4998590151641707
4998590151641806
4998590151641905
4998590151643109
4998590151643208
4998590151643307
4998590151643406
4998590151643505
4998590151644107
4998590151644206
4998590151644305
4998590151644404
4998590151644503
4998590151646409
4998590151646508
4998590151646607
4998590151646706
4998590151646805
4998590151646904
4998590151647001
4998590151647100
4998590151647209
4998590151647308
4998590151649403
4998590151649502
4998590151649601
4998590151649700
4998590151649809
4998590151649908
4998590151650005
4998590151650104
4998590151650203
4998590151650302
4998590151651003
4998590151651102
4998590151651201
4998590151651300
4998590151651409
4998590151651508
4998590151651607
4998590151651706
4998590151651805
4998590151651904
4998590151652001
4998590151652100
4998590151652209
4998590151652308
4998590151653207
4998590151653306
4998590151653405
4998590151653504
4998590151653603
4998590151654403
4998590151654502
4998590151655301
4998590151655400
4998590151655509
4998590151655608
4998590151655707
4998590151655806
4998590151655905
4998590151656408
4998590151656507
4998590151656606
4998590151656705
4998590151656804
4998590151656903
4998590151657000
4998590151657109
4998590151657208
4998590151657307
4998590151657406
4998590151658404
4998590151658503
4998590151658602
4998590151658701
4998590151658800
4998590151659808
4998590151659907
4998590151660301
4998590151660400
4998590151660509
4998590151660608
4998590151660707
4998590151660806
4998590151660905
4998590151661101
4998590151661200
4998590151661309
4998590151661507
4998590151661606
4998590151662307
4998590151662406
4998590151662505
4998590151662604
4998590151662703
4998590151662802
4998590151662901
4998590151663008
4998590151663107
4998590151664709
4998590151664808
4998590151664907
4998590151665003
4998590151665102
4998590151665201
4998590151665300
4998590151665409
4998590151665508
4998590151665706
4998590151665805
4998590151665904
4998590151666001
4998590151666407
4998590151666506
4998590151666605
4998590151666704
4998590151666803
4998590151666902
4998590151667009
4998590151667108
4998590151667207
4998590151667306
4998590151667405
4998590151667504
4998590151667603
4998590151667702
4998590151667801
4998590151667900
4998590151668007
4998590151668106
4998590151668205
4998590151668304
4998590177971906
4998590178345308
4998590183339007
4998590183339106
4998590183339205
4998590183339304
4998590183339403
4998590183339502
4998590183339601
4998590183339700
4998590183339809
4998590183339908
4998590183340005
4998590183340104
4998590183340203
4998590183340302
4998590183340401
4998590183340500
4998590183340609
4998590183340708
4998590183340807
4998590183340906
4998590183341003
4998590183341102
4998590183341201
4998590183341300
4998590184555700
4998590184555809
4998590184555908
4998590184556005
4998590184556104
4998590184556203
4998590184570600
4998590184571806
4998590184572200
4998590184572309
4998590184572408
4998590185488703
4998590185488802
4998590185692502
4998590185692601
4998590185694508
4998590185694904
4998590185696206
4998590185697303
4998590185697402
4998590185697501
4998590185697600
4998590185697709
4998590185697808
4998590185697907
4998590185698004
4998590185698400
4998590185698509
4998590185698608
4998590185699002
4998590185699101
4998590185699200
4998590185699309
4998590185699408
4998590185699507
4998590185699606
4998590185699705
4998590185699804
4998590185700107
4998590185700206
4998590185700305
4998590185700404
4998590185703002
4998590185703101
4998590185703200
4998590185703309
4998590185703507
4998590185703606
4998590185703705
4998590185703804
4998590185703903
4998590185704000
4998590185704208
4998590185704703
4998590185704802
4998590185705809
4998590185705908
4998590185706005
4998590185706104
4998590185706203
4998590185706302
4998590185706401
4998590185706500
4998590185709207
4998590185709405
4998590185709504
4998590185709603
4998590185709702
4998590185709801
4998590185709900
4998590185710007
4998590185710106
4998590185710205
4998590185710304
4998590185710403
4998590185711500
4998590185711609
4998590185711906
4998590185718802
4998590185720402
4998590185720501
4998590185720600
4998590185721301
4998590185721400
4998590185721806
4998590185721905
4998590185722002
4998590185726904
4998590185727001
4998590185727100
4998590185727209
4998590185727407
4998590185727506
4998590185727605
4998590185727704
4998590186620304
4998590186620403
4998590186620502
4998590186620601
4998590186620700
4998590186620809
4998590186620908
4998590186621005
4998590186621104
4998590186621203
4998590186621302
4998590186621401
4998590186621500
4998590186621609
4998590186621708
4998590186621807
4998590186621906
4998590186622003
4998590186622102
4998590186622201
4998590186622300
4998590186622409
4998590186622508
4998590186622607
4998590186622706
4998590186622805
4998590186622904
4998590186623001
4998590186623100
4998590186623209
4998590186623308
4998590186623407
4998590186623506
4998590186623605
4998590186623704
4998590186623803
4998590186623902
4998590186624009
4998590186624108
4998590186624207
4998590186624306
4998590186624405
4998590186624504
4998590186624603
4998590186624702
4998590186624801
4998590186624900
4998590186625006
4998590186625105
4998590186625204
4998590186625303
4998590186625402
4998590186625501
4998590186625600
4998590186625709
4998590186625808
4998590186625907
4998590186626004
4998590186626103
4998590186626202
4998590186626301
4998590186626400
4998590186626509
4998590186626608
4998590186626707
4998590186626806
4998590186626905
4998590186627002
4998590186627101
4998590186627200
4998590186627309
4998590186627408
4998590186627507
4998590186627606
4998590186627705
4998590186627804
4998590186627903
4998590186628000
4998590186628109
4998590186628208
4998590186628307
4998590186628406
4998590186628505
4998590186628604
4998590186628703
4998590186628802
4998590186628901
4998590191210802
4998590191210901
4998590191211008
4998590191211107
4998590191211206
4998590191211305
4998590191211404
4998590191211503
4998590193047202
4998590193047301
4998590193047400
4998590193047509
4998590193047608
4998590193047707
4998590193047806